5.771093750000000000e+01
1.191289062500000000e+02
5.771093750000000000e+01
1.391679687500000000e+02
5.771093750000000000e+01
1.618789062500000000e+02
5.875781250000000000e+01
1.845898437500000000e+02
6.608593750000000000e+01
2.019570312500000000e+02
8.074218750000000000e+01
2.126445312500000000e+02
9.644531250000000000e+01
2.193242187500000000e+02
1.142421875000000000e+02
2.206601562500000000e+02
1.299453125000000000e+02
2.206601562500000000e+02
1.446015625000000000e+02
2.193242187500000000e+02
1.571640625000000000e+02
2.139804687500000000e+02
1.686796875000000000e+02
2.032929687500000000e+02
1.781015625000000000e+02
1.899335937500000000e+02
1.833359375000000000e+02
1.739023437500000000e+02
1.833359375000000000e+02
1.538632812500000000e+02
1.833359375000000000e+02
1.391679687500000000e+02
1.833359375000000000e+02
1.231367187500000000e+02
7.132031250000000000e+01
1.111132812500000000e+02
8.178906250000000000e+01
1.030976562500000000e+02
9.225781250000000000e+01
1.010937500000000000e+02
1.027265625000000000e+02
1.024296875000000000e+02
1.126718750000000000e+02
1.051015625000000000e+02
1.435546875000000000e+02
1.051015625000000000e+02
1.540234375000000000e+02
1.024296875000000000e+02
1.634453125000000000e+02
1.010937500000000000e+02
1.739140625000000000e+02
1.030976562500000000e+02
1.822890625000000000e+02
1.111132812500000000e+02
1.309921875000000000e+02
1.218007812500000000e+02
1.320390625000000000e+02
1.351601562500000000e+02
1.330859375000000000e+02
1.485195312500000000e+02
1.330859375000000000e+02
1.605429687500000000e+02
1.111015625000000000e+02
1.632148437500000000e+02
1.215703125000000000e+02
1.658867187500000000e+02
1.320390625000000000e+02
1.685585937500000000e+02
1.404140625000000000e+02
1.658867187500000000e+02
1.477421875000000000e+02
1.645507812500000000e+02
8.178906250000000000e+01
1.218007812500000000e+02
8.807031250000000000e+01
1.177929687500000000e+02
1.048203125000000000e+02
1.177929687500000000e+02
1.121484375000000000e+02
1.244726562500000000e+02
1.037734375000000000e+02
1.258085937500000000e+02
8.807031250000000000e+01
1.244726562500000000e+02
1.456484375000000000e+02
1.231367187500000000e+02
1.519296875000000000e+02
1.164570312500000000e+02
1.676328125000000000e+02
1.177929687500000000e+02
1.728671875000000000e+02
1.231367187500000000e+02
1.676328125000000000e+02
1.258085937500000000e+02
1.529765625000000000e+02
1.258085937500000000e+02
9.225781250000000000e+01
1.792460937500000000e+02
1.090078125000000000e+02
1.779101562500000000e+02
1.268046875000000000e+02
1.792460937500000000e+02
1.309921875000000000e+02
1.792460937500000000e+02
1.362265625000000000e+02
1.792460937500000000e+02
1.487890625000000000e+02
1.792460937500000000e+02
1.613515625000000000e+02
1.805820312500000000e+02
1.519296875000000000e+02
1.872617187500000000e+02
1.414609375000000000e+02
1.926054687500000000e+02
1.309921875000000000e+02
1.939414062500000000e+02
1.173828125000000000e+02
1.926054687500000000e+02
1.048203125000000000e+02
1.885976562500000000e+02
9.435156250000000000e+01
1.805820312500000000e+02
1.121484375000000000e+02
1.832539062500000000e+02
1.309921875000000000e+02
1.845898437500000000e+02
1.456484375000000000e+02
1.832539062500000000e+02
1.603046875000000000e+02
1.805820312500000000e+02
1.456484375000000000e+02
1.832539062500000000e+02
1.309921875000000000e+02
1.859257812500000000e+02
1.121484375000000000e+02
1.832539062500000000e+02
