7.171093750000000000e+01
1.246523437500000000e+02
7.380468750000000000e+01
1.416210937500000000e+02
7.589843750000000000e+01
1.585898437500000000e+02
8.113281250000000000e+01
1.769726562500000000e+02
8.846093750000000000e+01
1.925273437500000000e+02
9.892968750000000000e+01
2.066679687500000000e+02
1.093984375000000000e+02
2.179804687500000000e+02
1.219609375000000000e+02
2.250507812500000000e+02
1.355703125000000000e+02
2.264648437500000000e+02
1.502265625000000000e+02
2.250507812500000000e+02
1.648828125000000000e+02
2.165664062500000000e+02
1.784921875000000000e+02
2.052539062500000000e+02
1.900078125000000000e+02
1.911132812500000000e+02
1.962890625000000000e+02
1.727304687500000000e+02
1.973359375000000000e+02
1.501054687500000000e+02
1.973359375000000000e+02
1.303085937500000000e+02
1.973359375000000000e+02
1.119257812500000000e+02
7.485156250000000000e+01
1.133398437500000000e+02
8.322656250000000000e+01
1.069765625000000000e+02
9.160156250000000000e+01
1.083906250000000000e+02
1.015468750000000000e+02
1.098046875000000000e+02
1.104453125000000000e+02
1.105117187500000000e+02
1.397578125000000000e+02
1.083906250000000000e+02
1.491796875000000000e+02
1.048554687500000000e+02
1.601718750000000000e+02
1.020273437500000000e+02
1.716875000000000000e+02
1.013203125000000000e+02
1.826796875000000000e+02
1.062695312500000000e+02
1.261484375000000000e+02
1.218242187500000000e+02
1.261484375000000000e+02
1.359648437500000000e+02
1.271953125000000000e+02
1.515195312500000000e+02
1.282421875000000000e+02
1.656601562500000000e+02
1.146328125000000000e+02
1.670742187500000000e+02
1.219609375000000000e+02
1.699023437500000000e+02
1.303359375000000000e+02
1.713164062500000000e+02
1.376640625000000000e+02
1.670742187500000000e+02
1.449921875000000000e+02
1.628320312500000000e+02
8.532031250000000000e+01
1.246523437500000000e+02
9.055468750000000000e+01
1.189960937500000000e+02
1.041640625000000000e+02
1.189960937500000000e+02
1.104453125000000000e+02
1.246523437500000000e+02
1.041640625000000000e+02
1.274804687500000000e+02
9.055468750000000000e+01
1.274804687500000000e+02
1.439453125000000000e+02
1.232382812500000000e+02
1.502265625000000000e+02
1.161679687500000000e+02
1.648828125000000000e+02
1.147539062500000000e+02
1.701171875000000000e+02
1.189960937500000000e+02
1.648828125000000000e+02
1.232382812500000000e+02
1.512734375000000000e+02
1.246523437500000000e+02
1.073046875000000000e+02
1.826289062500000000e+02
1.177734375000000000e+02
1.826289062500000000e+02
1.271953125000000000e+02
1.826289062500000000e+02
1.313828125000000000e+02
1.826289062500000000e+02
1.355703125000000000e+02
1.812148437500000000e+02
1.470859375000000000e+02
1.798007812500000000e+02
1.586015625000000000e+02
1.783867187500000000e+02
1.523203125000000000e+02
1.896992187500000000e+02
1.439453125000000000e+02
1.967695312500000000e+02
1.334765625000000000e+02
1.995976562500000000e+02
1.230078125000000000e+02
1.967695312500000000e+02
1.156796875000000000e+02
1.911132812500000000e+02
1.093984375000000000e+02
1.840429687500000000e+02
1.209140625000000000e+02
1.868710937500000000e+02
1.324296875000000000e+02
1.882851562500000000e+02
1.449921875000000000e+02
1.840429687500000000e+02
1.575546875000000000e+02
1.798007812500000000e+02
1.449921875000000000e+02
1.854570312500000000e+02
1.324296875000000000e+02
1.882851562500000000e+02
1.209140625000000000e+02
1.868710937500000000e+02
