6.374609375000000000e+01
1.172500000000000000e+02
6.481640625000000000e+01
1.367500000000000000e+02
6.588671875000000000e+01
1.547500000000000000e+02
6.802734375000000000e+01
1.742500000000000000e+02
7.766015625000000000e+01
1.907500000000000000e+02
8.943359375000000000e+01
2.027500000000000000e+02
1.012070312500000000e+02
2.132500000000000000e+02
1.151210937500000000e+02
2.222500000000000000e+02
1.290351562500000000e+02
2.222500000000000000e+02
1.450898437500000000e+02
2.222500000000000000e+02
1.590039062500000000e+02
2.147500000000000000e+02
1.718476562500000000e+02
2.042500000000000000e+02
1.825507812500000000e+02
1.907500000000000000e+02
1.921835937500000000e+02
1.742500000000000000e+02
1.932539062500000000e+02
1.517500000000000000e+02
1.932539062500000000e+02
1.322500000000000000e+02
1.932539062500000000e+02
1.127500000000000000e+02
6.909765625000000000e+01
1.082500000000000000e+02
7.980078125000000000e+01
9.850000000000000000e+01
9.157421875000000000e+01
9.850000000000000000e+01
1.033476562500000000e+02
1.000000000000000000e+02
1.140507812500000000e+02
1.037500000000000000e+02
1.386679687500000000e+02
1.022500000000000000e+02
1.493710937500000000e+02
9.850000000000000000e+01
1.627500000000000000e+02
9.550000000000000000e+01
1.750585937500000000e+02
9.625000000000000000e+01
1.857617187500000000e+02
1.037500000000000000e+02
1.268945312500000000e+02
1.157500000000000000e+02
1.279648437500000000e+02
1.277500000000000000e+02
1.279648437500000000e+02
1.412500000000000000e+02
1.279648437500000000e+02
1.532500000000000000e+02
1.129804687500000000e+02
1.577500000000000000e+02
1.204726562500000000e+02
1.607500000000000000e+02
1.279648437500000000e+02
1.637500000000000000e+02
1.365273437500000000e+02
1.607500000000000000e+02
1.440195312500000000e+02
1.577500000000000000e+02
8.301171875000000000e+01
1.157500000000000000e+02
8.836328125000000000e+01
1.112500000000000000e+02
1.044179687500000000e+02
1.112500000000000000e+02
1.097695312500000000e+02
1.187500000000000000e+02
1.033476562500000000e+02
1.202500000000000000e+02
8.836328125000000000e+01
1.187500000000000000e+02
1.450898437500000000e+02
1.187500000000000000e+02
1.504414062500000000e+02
1.097500000000000000e+02
1.664960937500000000e+02
1.097500000000000000e+02
1.729179687500000000e+02
1.142500000000000000e+02
1.664960937500000000e+02
1.172500000000000000e+02
1.525820312500000000e+02
1.187500000000000000e+02
9.478515625000000000e+01
1.727500000000000000e+02
1.086992187500000000e+02
1.697500000000000000e+02
1.236835937500000000e+02
1.682500000000000000e+02
1.279648437500000000e+02
1.682500000000000000e+02
1.322460937500000000e+02
1.682500000000000000e+02
1.483007812500000000e+02
1.697500000000000000e+02
1.643554687500000000e+02
1.712500000000000000e+02
1.547226562500000000e+02
1.832500000000000000e+02
1.418789062500000000e+02
1.937500000000000000e+02
1.290351562500000000e+02
1.952500000000000000e+02
1.161914062500000000e+02
1.922500000000000000e+02
1.044179687500000000e+02
1.847500000000000000e+02
9.585546875000000000e+01
1.727500000000000000e+02
1.119101562500000000e+02
1.727500000000000000e+02
1.279648437500000000e+02
1.727500000000000000e+02
1.461601562500000000e+02
1.727500000000000000e+02
1.622148437500000000e+02
1.712500000000000000e+02
1.483007812500000000e+02
1.832500000000000000e+02
1.290351562500000000e+02
1.877500000000000000e+02
1.119101562500000000e+02
1.847500000000000000e+02
