7.776171875000000000e+01
1.110273437500000000e+02
7.859765625000000000e+01
1.242617187500000000e+02
7.776171875000000000e+01
1.280429687500000000e+02
7.859765625000000000e+01
1.488398437500000000e+02
8.026953125000000000e+01
1.535664062500000000e+02
8.695703125000000000e+01
1.611289062500000000e+02
9.615234375000000000e+01
1.668007812500000000e+02
1.086914062500000000e+02
1.677460937500000000e+02
1.195585937500000000e+02
1.686914062500000000e+02
1.287539062500000000e+02
1.686914062500000000e+02
1.379492187500000000e+02
1.677460937500000000e+02
1.463085937500000000e+02
1.668007812500000000e+02
1.521601562500000000e+02
1.611289062500000000e+02
1.638632812500000000e+02
1.592382812500000000e+02
1.672070312500000000e+02
1.516757812500000000e+02
1.697148437500000000e+02
1.441132812500000000e+02
1.722226562500000000e+02
1.393867187500000000e+02
9.280859375000000000e+01
7.699609375000000000e+01
8.988281250000000000e+01
9.542968750000000000e+01
9.782421875000000000e+01
9.353906250000000000e+01
1.070195312500000000e+02
9.637500000000000000e+01
1.145429687500000000e+02
1.001562500000000000e+02
9.280859375000000000e+01
7.652343750000000000e+01
1.546679687500000000e+02
1.077187500000000000e+02
1.605195312500000000e+02
1.110273437500000000e+02
1.651171875000000000e+02
1.148085937500000000e+02
1.688789062500000000e+02
1.195351562500000000e+02
1.304257812500000000e+02
1.110273437500000000e+02
1.304257812500000000e+02
1.166992187500000000e+02
1.287539062500000000e+02
1.242617187500000000e+02
1.270820312500000000e+02
1.308789062500000000e+02
1.203945312500000000e+02
1.327695312500000000e+02
1.229023437500000000e+02
1.346601562500000000e+02
1.262460937500000000e+02
1.356054687500000000e+02
1.312617187500000000e+02
1.356054687500000000e+02
1.354414062500000000e+02
1.356054687500000000e+02
9.197265625000000000e+01
1.044101562500000000e+02
9.448046875000000000e+01
1.006289062500000000e+02
1.045117187500000000e+02
1.006289062500000000e+02
1.111992187500000000e+02
1.044101562500000000e+02
1.053476562500000000e+02
1.063007812500000000e+02
9.448046875000000000e+01
1.072460937500000000e+02
1.488164062500000000e+02
1.129179687500000000e+02
1.513242187500000000e+02
1.129179687500000000e+02
1.596835937500000000e+02
1.214257812500000000e+02
1.621914062500000000e+02
1.233164062500000000e+02
1.580117187500000000e+02
1.223710937500000000e+02
1.504882812500000000e+02
1.185898437500000000e+02
1.095273437500000000e+02
1.393867187500000000e+02
1.153789062500000000e+02
1.412773437500000000e+02
1.212304687500000000e+02
1.431679687500000000e+02
1.237382812500000000e+02
1.441132812500000000e+02
1.270820312500000000e+02
1.441132812500000000e+02
1.329335937500000000e+02
1.460039062500000000e+02
1.396210937500000000e+02
1.478945312500000000e+02
1.346054687500000000e+02
1.516757812500000000e+02
1.287539062500000000e+02
1.526210937500000000e+02
1.229023437500000000e+02
1.516757812500000000e+02
1.170507812500000000e+02
1.488398437500000000e+02
1.128710937500000000e+02
1.450585937500000000e+02
1.103632812500000000e+02
1.393867187500000000e+02
1.162148437500000000e+02
1.441132812500000000e+02
1.237382812500000000e+02
1.469492187500000000e+02
1.304257812500000000e+02
1.478945312500000000e+02
1.387851562500000000e+02
1.478945312500000000e+02
1.304257812500000000e+02
1.478945312500000000e+02
1.237382812500000000e+02
1.469492187500000000e+02
1.162148437500000000e+02
1.441132812500000000e+02
